500 210
508 210
516 210
524 210
532 210
540 210
548 210
556 210
564 210
572 210
580 210
588 210
596 210
604 210
612 210
620 210
628 210
636 210
644 210
652 210
660 210
668 210
676 210
684 210
692 210
700 210
708 210
716 210
724 210
732 210
740 210
748 210
756 210
764 210
772 210
780 210
788 210
796 210
804 210
812 210
820 210
828 210
836 210
844 210
852 210
860 210
868 210
876 210
884 210
892 210
500 220
508 220
516 220
524 220
532 220
540 220
548 220
556 220
564 220
572 220
580 220
588 220
596 220
604 220
612 220
620 220
628 220
636 220
644 220
652 220
660 220
668 220
676 220
684 220
692 220
700 220
708 220
716 220
724 220
732 220
740 220
748 220
756 220
764 220
772 220
780 220
788 220
796 220
804 220
812 220
820 220
828 220
836 220
844 220
852 220
860 220
868 220
876 220
884 220
892 220